[extrinsics_calibration]
approx_leaf_size=0.1
normal_est_search_radius=0.2
icp_max_correlation_dist=0.1
shot_search_radius=0.3
cutoff_dist=6
[camera_parameters]
extrinsics=0.943935,0.151715,-0.293239,0.339978;-0.123565,0.985961,0.112381,-0.0796532;0.306165,-0.0698511,0.949423,0.0371292;0,0,0,1
