[extrinsics_calibration]
approx_leaf_size=0.1
normal_est_search_radius=0.2
icp_max_correlation_dist=0.1
shot_search_radius=0.3
[camera_parameters]
extrinsics=0.911299,-0.00326045,0.41176,-0.598298;-0.00737823,0.99969,0.024237,-0.16793;-0.411703,-0.0251298,0.910983,0.0620459;0,0,0,1
