[extrinsics_calibration]
outlier_removal_neighbourhood = 50
outlier_removal_stddev = 1.0
approx_leaf_size=0.07
normal_est_search_radius=0.1
icp_max_correlation_dist=0.1
shot_search_radius=0.2
cutoff_dist_x_from=-1
cutoff_dist_x_to=1
cutoff_dist_y_from=0
cutoff_dist_y_to=0
cutoff_dist_z=3.5
[camera_parameters]
extrinsics=0.421544,0.0484507,-0.905523,2.276;-0.0189471,0.998833,0.0446189,-0.11531;0.906623,-0.00165261,0.421966,1.42212;0,0,0,1
intrinsics=594.214355, 0, 339.307800; 0, 591.040527, 242.739136; 0, 0, 1
